1701318720562270
1701318720563839
1701318720575873
1701318720577225
1701318720578962
1701318720599404
1701318720608512
1701318720609414
1701318720788202
1701318720807876
1701318720837500
1701318720856722
1701318720872996
1701318720888049
1701318720903193
1701318720918824
1701318720988357
1701318721029079
1701318721045688
1701318721061334
1701318721076019
1701318721091046
1701318721106064
1701318721121003
1701318721219708
1701318721260012
1701318721277637
1701318721294641
1701318721309929
1701318721325076
1701318721342284
1701318721356993
1701318721434709
1701318721470719
1701318721485620
1701318721500692
1701318721515748
1701318721530634
1701318721545859
1701318721560951
1701318721660924
1701318721698814
1701318721716704
1701318721733196
1701318721748279
1701318721763243
1701318721778174
1701318721793044
1701318721896530
1701318721934991
1701318721954359
1701318721971161
1701318721986187
1701318722000977
1701318722016205
1701318722033867
1701318722137451
1701318722177182
1701318722197167
1701318722214534
1701318722229733
1701318722244640
1701318722259772
1701318722274593
1701318722377643
1701318722413873
1701318722432758
1701318722448996
1701318722463793
1701318722478660
1701318722493621
1701318722510261
1701318722613224
1701318722649643
1701318722664663
1701318722679827
1701318722694639
1701318722709482
1701318722724432
1701318722739251
1701318722841006
1701318722878354
1701318722898784
1701318722916251
1701318722931799
1701318722946846
1701318722962790
1701318722977789
1701318723081578
1701318723121885
1701318723141614
1701318723159730
1701318723175065
1701318723190144
1701318723205420
1701318723220486
1701318723332382
1701318723361530
1701318723380220
1701318723396657
1701318723411908
1701318723427174
1701318723442597
1701318723457738
1701318723568298
1701318723599609
1701318723618806
1701318723635648
1701318723651277
1701318723666570
1701318723682753
1701318723698749
1701318723809066
1701318723821628
1701318723822403
1701318723823393
1701318723824111
1701318723824798
1701318723825433
1701318723825986
1701318723882494
1701318723903328
1701318723903961
1701318723904873
1701318723905442
1701318723905985
1701318723906545
1701318723907183
1701318723912715
1701318723913259
1701318723913810
1701318723914781
1701318723915326
1701318723915812
1701318723916277
1701318723916819
1701318723921771
1701318723922339
1701318723922894
1701318723924557
1701318723925204
1701318723925741
1701318723926257
1701318723926806
1701318723932010
1701318723932604
1701318723933207
1701318723933762
1701318723934294
1701318723934831
1701318723935419
1701318723935963
